Elapsed time(s)	Potential(V)	Current(A)
1.068502e+00	1.976551e-01	1.793248e-10
2.916439e+00	9.637161e-02	-1.212529e-10
4.764477e+00	3.257494e-01	-1.474846e-09
6.612489e+00	4.604866e-02	1.558009e-09
8.460408e+00	2.985914e-01	-7.544813e-10
1.030838e+01	8.375713e-02	-9.255182e-10
1.215638e+01	2.904649e-01	-1.050404e-09
1.400438e+01	1.103074e-01	1.314424e-09
1.585233e+01	2.230688e-01	-7.451148e-10
1.770043e+01	1.953897e-01	-7.850783e-10
1.954843e+01	1.660614e-01	-6.005878e-10
2.139645e+01	2.673538e-01	3.285919e-09
2.324442e+01	9.715271e-02	9.185927e-10
2.509252e+01	3.273519e-01	1.570668e-09
2.694050e+01	7.222802e-02	2.069189e-09
2.878849e+01	3.093967e-01	-3.240790e-10
3.063641e+01	1.075754e-01	3.296250e-09
