Elapsed time(s)	Potential(V)	Current(A)
3.254162e-02	1.345634e-01	-4.410744e-07
1.227168e-01	1.363983e-01	-4.172325e-07
2.111835e-01	1.357994e-01	-4.053116e-07
2.991779e-01	1.356163e-01	-3.814697e-07
3.866149e-01	1.356354e-01	-5.006790e-07
4.751473e-01	1.358528e-01	-4.172325e-07
5.627626e-01	1.360626e-01	-4.172325e-07
6.503784e-01	1.361885e-01	-4.649162e-07
7.389814e-01	1.365166e-01	-3.933907e-07
8.268135e-01	1.369896e-01	-2.980232e-07
9.147175e-01	1.373863e-01	-3.576279e-07
1.002585e+00	1.375008e-01	-3.099442e-07
1.091031e+00	1.371269e-01	-4.172325e-07
1.178483e+00	1.392097e-01	-4.529953e-07
1.266960e+00	1.416435e-01	-2.622604e-07
1.355093e+00	1.414299e-01	-3.576279e-07
1.442506e+00	1.403885e-01	-3.933907e-07
1.530341e+00	1.400986e-01	-3.933907e-07
1.618394e+00	1.388206e-01	-4.053116e-07
1.706338e+00	1.385727e-01	-4.410744e-07
1.794431e+00	1.388283e-01	-3.814697e-07
1.882831e+00	1.390190e-01	-4.291534e-07
1.970853e+00	1.393318e-01	-3.814697e-07
2.059012e+00	1.437454e-01	-4.053116e-07
2.146752e+00	1.448059e-01	-4.172325e-07
2.235003e+00	1.438332e-01	-3.337860e-07
2.322571e+00	1.433868e-01	-4.768372e-07
2.411302e+00	1.434479e-01	-4.649162e-07
2.498662e+00	1.423912e-01	-3.814697e-07
2.587074e+00	1.406479e-01	-3.576279e-07
2.674832e+00	1.394119e-01	-3.933907e-07
2.763036e+00	1.385117e-01	-5.006790e-07
2.850414e+00	1.383514e-01	-3.576279e-07
2.939035e+00	1.384163e-01	-3.814697e-07
3.027185e+00	1.384468e-01	-3.933907e-07
3.114382e+00	1.384048e-01	-3.099442e-07
3.202578e+00	1.385307e-01	-2.980232e-07
3.291252e+00	1.386223e-01	-4.291534e-07
3.378513e+00	1.385651e-01	-4.529953e-07
3.466832e+00	1.385841e-01	-3.337860e-07
3.554994e+00	1.386490e-01	-3.218651e-07
3.642472e+00	1.382141e-01	-4.410744e-07
3.730988e+00	1.381607e-01	-2.861023e-07
3.819267e+00	1.388245e-01	-3.457069e-07
3.906770e+00	1.387596e-01	-2.980232e-07
3.995122e+00	1.389694e-01	-3.218651e-07
4.082373e+00	1.379967e-01	-3.695488e-07
4.170854e+00	1.385422e-01	-3.218651e-07
4.258468e+00	1.388168e-01	-3.695488e-07
4.346771e+00	1.386147e-01	-3.933907e-07
4.435047e+00	1.385460e-01	-3.218651e-07
4.522352e+00	1.388016e-01	-2.980232e-07
4.610719e+00	1.382904e-01	-3.337860e-07
4.698364e+00	1.381760e-01	-3.576279e-07
4.787178e+00	1.382446e-01	-4.172325e-07
4.874543e+00	1.372414e-01	-2.145767e-07
4.963156e+00	1.373749e-01	-3.337860e-07
5.050494e+00	1.371078e-01	-2.622604e-07
5.138856e+00	1.371841e-01	-3.218651e-07
5.227282e+00	1.368294e-01	-3.457069e-07
5.314714e+00	1.374550e-01	-2.503395e-07
5.403187e+00	1.371040e-01	-3.814697e-07
5.490531e+00	1.378937e-01	-3.099442e-07
5.579179e+00	1.373024e-01	-4.649162e-07
5.666817e+00	1.373291e-01	-4.887581e-07
5.755177e+00	1.380081e-01	-3.695488e-07
5.843156e+00	1.382294e-01	-3.695488e-07
5.930792e+00	1.377411e-01	-3.695488e-07
6.018481e+00	1.370583e-01	-4.172325e-07
6.106382e+00	1.372757e-01	-3.337860e-07
6.195062e+00	1.370125e-01	-3.695488e-07
6.282757e+00	1.377525e-01	-4.410744e-07
6.370807e+00	1.371231e-01	-3.695488e-07
6.458767e+00	1.372948e-01	-3.457069e-07
6.546514e+00	1.373520e-01	-2.741814e-07
6.635226e+00	1.372833e-01	-4.529953e-07
6.723000e+00	1.367798e-01	-4.172325e-07
6.810837e+00	1.366806e-01	-3.218651e-07
6.898686e+00	1.369019e-01	-2.741814e-07
6.986478e+00	1.370392e-01	-3.576279e-07
7.075182e+00	1.370811e-01	-3.695488e-07
7.162959e+00	1.368675e-01	-4.053116e-07
7.250729e+00	1.368561e-01	-2.264977e-07
7.338534e+00	1.368370e-01	-2.026558e-07
7.426484e+00	1.368256e-01	-3.695488e-07
7.515229e+00	1.368484e-01	-4.410744e-07
7.603143e+00	1.368599e-01	-4.053116e-07
7.691152e+00	1.370354e-01	-4.529953e-07
7.779186e+00	1.372566e-01	-2.861023e-07
7.867189e+00	1.374664e-01	-4.053116e-07
7.955160e+00	1.373901e-01	-3.814697e-07
8.043210e+00	1.375275e-01	-3.695488e-07
8.130461e+00	1.374207e-01	-2.980232e-07
8.218645e+00	1.376038e-01	-4.172325e-07
8.306746e+00	1.375961e-01	-3.695488e-07
8.394739e+00	1.379051e-01	-3.576279e-07
8.482549e+00	1.379356e-01	-3.695488e-07
8.571180e+00	1.380196e-01	-3.337860e-07
8.658969e+00	1.382713e-01	-3.576279e-07
8.746830e+00	1.382294e-01	-3.218651e-07
8.834758e+00	1.382561e-01	-4.887581e-07
8.922677e+00	1.383629e-01	-4.529953e-07
9.010392e+00	1.381531e-01	-3.457069e-07
9.099202e+00	1.383133e-01	-3.337860e-07
9.187041e+00	1.386375e-01	-3.337860e-07
9.275087e+00	1.382599e-01	-4.529953e-07
9.363181e+00	1.382523e-01	-3.576279e-07
9.451166e+00	1.382675e-01	-4.172325e-07
9.539130e+00	1.384468e-01	-3.814697e-07
9.627116e+00	1.387520e-01	-4.410744e-07
9.714412e+00	1.395569e-01	-5.006790e-07
9.802852e+00	1.393242e-01	-4.410744e-07
9.890371e+00	1.386757e-01	-2.861023e-07
9.979326e+00	1.389351e-01	-3.457069e-07
1.006635e+01	1.387672e-01	-3.814697e-07
1.015526e+01	1.387177e-01	-4.172325e-07
1.024318e+01	1.389160e-01	-3.933907e-07
1.033127e+01	1.388435e-01	-3.814697e-07
1.041932e+01	1.392288e-01	-4.768372e-07
1.050647e+01	1.393776e-01	-5.125999e-07
1.059477e+01	1.394577e-01	-4.529953e-07
1.068300e+01	1.394730e-01	-3.576279e-07
1.077119e+01	1.388893e-01	-3.695488e-07
1.085919e+01	1.392174e-01	-4.410744e-07
1.094651e+01	1.393471e-01	-3.695488e-07
1.103457e+01	1.392288e-01	-3.337860e-07
1.112262e+01	1.388206e-01	-3.933907e-07
1.121074e+01	1.390610e-01	-4.053116e-07
1.129890e+01	1.390381e-01	-4.053116e-07
1.138671e+01	1.393166e-01	-4.291534e-07
1.147443e+01	1.390266e-01	-3.457069e-07
1.156320e+01	1.389275e-01	-2.741814e-07
1.165089e+01	1.389389e-01	-3.695488e-07
1.173850e+01	1.388779e-01	-3.814697e-07
1.182728e+01	1.389236e-01	-2.145767e-07
1.191504e+01	1.389046e-01	-5.006790e-07
1.200312e+01	1.389885e-01	-4.053116e-07
1.209120e+01	1.390152e-01	-4.291534e-07
1.217898e+01	1.390648e-01	-3.695488e-07
1.226678e+01	1.393776e-01	-4.887581e-07
1.235445e+01	1.396103e-01	-3.933907e-07
1.244248e+01	1.396523e-01	-4.649162e-07
1.253118e+01	1.397133e-01	-3.814697e-07
1.261899e+01	1.397171e-01	-3.576279e-07
1.270678e+01	1.399536e-01	-2.861023e-07
1.279456e+01	1.398544e-01	-4.887581e-07
1.288332e+01	1.397820e-01	-3.457069e-07
1.297116e+01	1.399078e-01	-2.980232e-07
1.305906e+01	1.398659e-01	-4.291534e-07
1.314699e+01	1.398621e-01	-4.053116e-07
1.323485e+01	1.397743e-01	-3.337860e-07
1.332267e+01	1.397896e-01	-3.218651e-07
1.341047e+01	1.396790e-01	-3.814697e-07
1.349927e+01	1.395607e-01	-4.529953e-07
1.358715e+01	1.396980e-01	-2.741814e-07
1.367504e+01	1.397514e-01	-4.410744e-07
1.376237e+01	1.398010e-01	-3.218651e-07
1.385051e+01	1.392441e-01	-5.364418e-07
1.393891e+01	1.394196e-01	-4.410744e-07
1.402717e+01	1.395874e-01	-2.861023e-07
1.411434e+01	1.394882e-01	-4.053116e-07
1.420247e+01	1.395378e-01	-4.053116e-07
1.429066e+01	1.394920e-01	-3.218651e-07
1.437878e+01	1.397247e-01	-3.457069e-07
1.446690e+01	1.396942e-01	-3.218651e-07
1.455485e+01	1.394958e-01	-3.457069e-07
1.464299e+01	1.396751e-01	-3.933907e-07
1.473122e+01	1.397133e-01	-4.291534e-07
1.481919e+01	1.397209e-01	-3.576279e-07
1.490661e+01	1.398773e-01	-3.457069e-07
1.499471e+01	1.398849e-01	-2.980232e-07
1.508274e+01	1.397743e-01	-3.933907e-07
1.517068e+01	1.398506e-01	-2.384186e-07
1.525863e+01	1.398201e-01	-2.861023e-07
1.534659e+01	1.399269e-01	-4.529953e-07
1.543467e+01	1.399879e-01	-4.529953e-07
1.552264e+01	1.400528e-01	-4.172325e-07
1.561062e+01	1.401138e-01	-3.576279e-07
1.569859e+01	1.401711e-01	-2.741814e-07
1.578674e+01	1.403618e-01	-3.337860e-07
1.587481e+01	1.406441e-01	-4.053116e-07
1.596305e+01	1.402702e-01	-3.814697e-07
1.605048e+01	1.405563e-01	-2.384186e-07
1.613882e+01	1.404114e-01	-4.529953e-07
1.622716e+01	1.404114e-01	-3.457069e-07
1.631525e+01	1.404762e-01	-3.695488e-07
1.640244e+01	1.404305e-01	-4.649162e-07
1.649045e+01	1.401825e-01	-3.218651e-07
1.657846e+01	1.403961e-01	-5.245209e-07
1.666686e+01	1.405602e-01	-3.218651e-07
1.675446e+01	1.407547e-01	-5.125999e-07
1.684286e+01	1.403847e-01	-5.006790e-07
1.693046e+01	1.406441e-01	-4.172325e-07
1.701912e+01	1.396408e-01	-4.291534e-07
1.710684e+01	1.400108e-01	-4.053116e-07
1.719495e+01	1.406288e-01	-4.529953e-07
1.728244e+01	1.402512e-01	-3.814697e-07
1.737095e+01	1.406517e-01	-3.695488e-07
1.745851e+01	1.403656e-01	-3.814697e-07
1.754698e+01	1.408501e-01	-4.172325e-07
1.763454e+01	1.408997e-01	-4.529953e-07
1.772277e+01	1.412010e-01	-4.172325e-07
1.781087e+01	1.406555e-01	-5.125999e-07
1.789929e+01	1.403008e-01	-4.410744e-07
1.798701e+01	1.405830e-01	-4.410744e-07
1.807459e+01	1.398888e-01	-3.457069e-07
1.816304e+01	1.403198e-01	-3.576279e-07
1.825108e+01	1.406059e-01	-5.125999e-07
1.833899e+01	1.408844e-01	-4.053116e-07
1.842656e+01	1.414261e-01	-4.649162e-07
1.851485e+01	1.402664e-01	-3.814697e-07
1.860243e+01	1.404533e-01	-3.814697e-07
1.869052e+01	1.405640e-01	-4.649162e-07
1.877918e+01	1.397209e-01	-4.887581e-07
1.886689e+01	1.403389e-01	-4.291534e-07
1.895449e+01	1.403847e-01	-4.053116e-07
1.904285e+01	1.409836e-01	-3.337860e-07
1.913047e+01	1.411514e-01	-5.006790e-07
1.921901e+01	1.413002e-01	-4.768372e-07
1.930661e+01	1.417961e-01	-4.172325e-07
1.939519e+01	1.415901e-01	-4.529953e-07
1.948259e+01	1.411858e-01	-4.887581e-07
1.957118e+01	1.406708e-01	-4.529953e-07
1.965863e+01	1.404533e-01	-4.649162e-07
1.974719e+01	1.403885e-01	-3.933907e-07
1.983459e+01	1.404190e-01	-3.695488e-07
1.992301e+01	1.404076e-01	-3.933907e-07
2.001039e+01	1.407852e-01	-3.933907e-07
2.009916e+01	1.408081e-01	-3.695488e-07
2.018649e+01	1.403885e-01	-5.006790e-07
2.027531e+01	1.409607e-01	-3.218651e-07
2.036318e+01	1.410751e-01	-3.457069e-07
2.045070e+01	1.410332e-01	-4.053116e-07
2.053916e+01	1.405830e-01	-4.172325e-07
2.062671e+01	1.406403e-01	-4.649162e-07
2.071513e+01	1.407051e-01	-2.980232e-07
2.080283e+01	1.410294e-01	-4.291534e-07
2.089128e+01	1.411324e-01	-4.529953e-07
2.097872e+01	1.408768e-01	-4.053116e-07
2.106710e+01	1.409149e-01	-4.053116e-07
2.115466e+01	1.403961e-01	-3.933907e-07
2.124245e+01	1.409035e-01	-5.006790e-07
2.133035e+01	1.405983e-01	-5.722046e-07
2.141886e+01	1.407547e-01	-5.245209e-07
2.150727e+01	1.411705e-01	-4.529953e-07
2.159517e+01	1.411285e-01	-3.337860e-07
2.168289e+01	1.411591e-01	-4.053116e-07
2.177117e+01	1.408195e-01	-4.529953e-07
2.185884e+01	1.411247e-01	-4.529953e-07
2.194644e+01	1.412621e-01	-5.602837e-07
2.203518e+01	1.414185e-01	-4.172325e-07
2.212312e+01	1.412430e-01	-5.364418e-07
2.221112e+01	1.412315e-01	-5.364418e-07
2.229861e+01	1.408997e-01	-4.291534e-07
2.238643e+01	1.409302e-01	-4.768372e-07
2.247504e+01	1.412468e-01	-4.291534e-07
2.256262e+01	1.414452e-01	-4.887581e-07
2.265119e+01	1.418228e-01	-3.218651e-07
2.273897e+01	1.421509e-01	-3.099442e-07
2.282650e+01	1.422882e-01	-3.814697e-07
2.291510e+01	1.420898e-01	-4.410744e-07
2.300260e+01	1.420135e-01	-3.933907e-07
2.309124e+01	1.419868e-01	-4.291534e-07
2.317897e+01	1.419525e-01	-3.337860e-07
2.326684e+01	1.420212e-01	-3.099442e-07
2.335452e+01	1.420937e-01	-4.410744e-07
2.344234e+01	1.418610e-01	-3.576279e-07
2.353100e+01	1.420479e-01	-4.053116e-07
2.361869e+01	1.418304e-01	-3.099442e-07
2.370644e+01	1.418343e-01	-3.457069e-07
2.379436e+01	1.419182e-01	-4.291534e-07
2.388316e+01	1.419296e-01	-3.933907e-07
2.397081e+01	1.417427e-01	-3.099442e-07
2.405859e+01	1.418839e-01	-3.576279e-07
2.414635e+01	1.420708e-01	-1.907349e-07
2.423508e+01	1.423035e-01	-5.245209e-07
2.432309e+01	1.422272e-01	-2.741814e-07
2.441116e+01	1.422234e-01	-3.695488e-07
2.449881e+01	1.422043e-01	-3.933907e-07
2.458656e+01	1.423492e-01	-3.457069e-07
2.467532e+01	1.423988e-01	-3.695488e-07
2.476290e+01	1.424751e-01	-2.741814e-07
2.485067e+01	1.424904e-01	-3.457069e-07
2.493844e+01	1.425552e-01	-4.529953e-07
2.502668e+01	1.423531e-01	-4.172325e-07
2.511481e+01	1.424942e-01	-4.053116e-07
2.520272e+01	1.425285e-01	-2.980232e-07
2.529088e+01	1.424980e-01	-3.099442e-07
2.537895e+01	1.427422e-01	-3.695488e-07
2.546706e+01	1.425018e-01	-3.218651e-07
2.555493e+01	1.423340e-01	-4.172325e-07
2.564302e+01	1.421165e-01	-2.861023e-07
2.573075e+01	1.420631e-01	-3.814697e-07
2.581860e+01	1.421051e-01	-3.337860e-07
2.590652e+01	1.422119e-01	-4.410744e-07
2.599440e+01	1.422119e-01	-2.861023e-07
2.608236e+01	1.423225e-01	-4.410744e-07
2.617132e+01	1.424713e-01	-2.980232e-07
2.625908e+01	1.423225e-01	-4.053116e-07
2.634684e+01	1.428108e-01	-4.291534e-07
2.643499e+01	1.428261e-01	-3.933907e-07
2.652284e+01	1.425400e-01	-4.887581e-07
2.661076e+01	1.423454e-01	-4.053116e-07
2.669902e+01	1.425285e-01	-4.768372e-07
2.678653e+01	1.429176e-01	-4.410744e-07
2.687503e+01	1.430397e-01	-4.887581e-07
2.696241e+01	1.427231e-01	-4.887581e-07
2.705083e+01	1.424599e-01	-4.291534e-07
2.713846e+01	1.421585e-01	-3.814697e-07
2.722694e+01	1.424904e-01	-2.622604e-07
2.731518e+01	1.425629e-01	-4.172325e-07
2.740282e+01	1.429749e-01	-4.768372e-07
2.749117e+01	1.433182e-01	-3.695488e-07
2.757848e+01	1.429253e-01	-3.576279e-07
2.766697e+01	1.430931e-01	-3.814697e-07
2.775438e+01	1.431427e-01	-4.529953e-07
2.784265e+01	1.431694e-01	-5.125999e-07
2.793039e+01	1.431465e-01	-3.814697e-07
2.801921e+01	1.431122e-01	-4.649162e-07
2.810654e+01	1.433563e-01	-4.887581e-07
2.819493e+01	1.432533e-01	-4.649162e-07
2.828238e+01	1.429329e-01	-4.410744e-07
2.837072e+01	1.429939e-01	-5.602837e-07
2.845850e+01	1.428871e-01	-4.410744e-07
2.854729e+01	1.429825e-01	-5.245209e-07
2.863492e+01	1.426010e-01	-5.125999e-07
2.872249e+01	1.425056e-01	-5.006790e-07
2.881106e+01	1.424332e-01	-3.814697e-07
2.889894e+01	1.426086e-01	-4.172325e-07
2.898670e+01	1.428909e-01	-4.053116e-07
2.907520e+01	1.426735e-01	-3.337860e-07
2.916277e+01	1.428642e-01	-3.695488e-07
2.925121e+01	1.417389e-01	-3.933907e-07
2.933890e+01	1.415749e-01	-3.457069e-07
2.942653e+01	1.408958e-01	-4.172325e-07
2.951531e+01	1.415100e-01	-4.768372e-07
2.960307e+01	1.423683e-01	-4.053116e-07
2.969058e+01	1.423836e-01	-3.457069e-07
2.977919e+01	1.420937e-01	-3.218651e-07
2.986676e+01	1.427765e-01	-3.695488e-07
2.995482e+01	1.428757e-01	-5.125999e-07
3.004269e+01	1.427917e-01	-4.529953e-07
3.013054e+01	1.427383e-01	-4.053116e-07
3.021916e+01	1.423798e-01	-4.768372e-07
3.030698e+01	1.425018e-01	-3.814697e-07
3.039483e+01	1.425285e-01	-3.218651e-07
3.048244e+01	1.428413e-01	-4.649162e-07
3.057095e+01	1.422081e-01	-4.410744e-07
3.065882e+01	1.426888e-01	-3.576279e-07
3.074665e+01	1.428070e-01	-4.410744e-07
3.083531e+01	1.426239e-01	-3.933907e-07
3.092283e+01	1.429749e-01	-4.172325e-07
3.101039e+01	1.427994e-01	-5.602837e-07
3.109920e+01	1.423111e-01	-4.291534e-07
3.118727e+01	1.422119e-01	-5.006790e-07
3.127508e+01	1.428146e-01	-3.457069e-07
3.136315e+01	1.422729e-01	-4.172325e-07
3.145117e+01	1.420021e-01	-4.410744e-07
3.153877e+01	1.425743e-01	-4.172325e-07
3.162662e+01	1.424599e-01	-4.649162e-07
3.171452e+01	1.422119e-01	-3.933907e-07
3.180236e+01	1.422729e-01	-3.695488e-07
3.189099e+01	1.426277e-01	-4.172325e-07
3.197883e+01	1.428185e-01	-3.457069e-07
3.206651e+01	1.434097e-01	-2.741814e-07
3.215505e+01	1.430054e-01	-4.053116e-07
3.224277e+01	1.432304e-01	-4.172325e-07
3.233043e+01	1.431122e-01	-4.410744e-07
3.241903e+01	1.432915e-01	-4.291534e-07
3.250673e+01	1.425400e-01	-3.099442e-07
3.259443e+01	1.424789e-01	-4.768372e-07
3.268234e+01	1.421852e-01	-4.410744e-07
3.277074e+01	1.422424e-01	-3.695488e-07
3.285844e+01	1.419678e-01	-3.695488e-07
3.294698e+01	1.422005e-01	-3.695488e-07
3.303462e+01	1.422997e-01	-4.887581e-07
3.312334e+01	1.422577e-01	-4.649162e-07
3.321087e+01	1.421928e-01	-3.933907e-07
3.329856e+01	1.422081e-01	-4.768372e-07
3.338718e+01	1.422348e-01	-3.457069e-07
3.347488e+01	1.424141e-01	-4.172325e-07
3.356261e+01	1.425705e-01	-4.410744e-07
3.365066e+01	1.428261e-01	-4.291534e-07
3.373843e+01	1.428947e-01	-4.053116e-07
3.382686e+01	1.430130e-01	-4.529953e-07
3.391435e+01	1.431160e-01	-5.245209e-07
3.400307e+01	1.430359e-01	-3.218651e-07
3.409078e+01	1.430550e-01	-3.576279e-07
3.417930e+01	1.445122e-01	-2.980232e-07
3.426703e+01	1.468430e-01	-3.576279e-07
3.435478e+01	1.547966e-01	-4.529953e-07
3.444300e+01	1.520500e-01	-4.887581e-07
3.453070e+01	1.478806e-01	-5.841255e-07
3.461866e+01	1.453590e-01	-3.814697e-07
3.470718e+01	1.446762e-01	-4.529953e-07
3.479474e+01	1.445045e-01	-4.887581e-07
3.488317e+01	1.429901e-01	-4.768372e-07
3.497088e+01	1.416931e-01	-3.933907e-07
3.505875e+01	1.412086e-01	-5.245209e-07
3.514674e+01	1.416702e-01	-5.125999e-07
3.523459e+01	1.427536e-01	-4.291534e-07
3.532262e+01	1.474342e-01	-4.529953e-07
3.541053e+01	1.456490e-01	-4.291534e-07
3.549850e+01	1.429138e-01	-4.768372e-07
3.558661e+01	1.423798e-01	-4.172325e-07
3.567441e+01	1.425285e-01	-4.649162e-07
3.576307e+01	1.427040e-01	-5.006790e-07
3.585094e+01	1.435280e-01	-5.006790e-07
3.593876e+01	1.435471e-01	-4.768372e-07
3.602667e+01	1.438751e-01	-5.364418e-07
3.611461e+01	1.442413e-01	-4.768372e-07
3.620241e+01	1.448326e-01	-4.291534e-07
3.629128e+01	1.445580e-01	-4.529953e-07
3.637885e+01	1.441422e-01	-4.053116e-07
3.646676e+01	1.436882e-01	-4.172325e-07
3.655441e+01	1.393929e-01	-4.529953e-07
3.664327e+01	1.428909e-01	-4.649162e-07
3.673111e+01	1.440697e-01	-5.006790e-07
3.681919e+01	1.416130e-01	-4.410744e-07
3.690732e+01	1.385727e-01	-4.410744e-07
3.699519e+01	1.379929e-01	-4.649162e-07
3.708305e+01	1.373520e-01	-4.410744e-07
3.717097e+01	1.377831e-01	-4.053116e-07
3.725884e+01	1.375847e-01	-4.291534e-07
3.734648e+01	1.387901e-01	-3.695488e-07
3.743439e+01	1.391487e-01	-3.695488e-07
3.752300e+01	1.396828e-01	-3.695488e-07
3.761094e+01	1.398621e-01	-3.933907e-07
3.769864e+01	1.402588e-01	-4.768372e-07
3.778643e+01	1.405258e-01	-3.814697e-07
3.787511e+01	1.407890e-01	-5.602837e-07
3.796318e+01	1.413307e-01	-4.053116e-07
3.805112e+01	1.416435e-01	-3.576279e-07
3.813903e+01	1.422195e-01	-5.841255e-07
3.822703e+01	1.424332e-01	-4.172325e-07
3.831501e+01	1.428490e-01	-4.649162e-07
3.840292e+01	1.429634e-01	-3.576279e-07
3.849061e+01	1.432533e-01	-4.887581e-07
3.857920e+01	1.432762e-01	-3.814697e-07
3.866677e+01	1.435356e-01	-4.529953e-07
3.875483e+01	1.437416e-01	-4.529953e-07
3.884251e+01	1.439362e-01	-4.053116e-07
3.893108e+01	1.439896e-01	-4.053116e-07
3.901873e+01	1.441612e-01	-4.053116e-07
3.910650e+01	1.444359e-01	-4.410744e-07
3.919509e+01	1.444817e-01	-4.053116e-07
3.928279e+01	1.445236e-01	-3.337860e-07
3.937084e+01	1.442604e-01	-4.529953e-07
3.945885e+01	1.443558e-01	-4.649162e-07
3.954647e+01	1.442299e-01	-4.172325e-07
3.963505e+01	1.443138e-01	-3.337860e-07
3.972280e+01	1.441917e-01	-5.483627e-07
3.981089e+01	1.443214e-01	-4.291534e-07
3.989884e+01	1.443481e-01	-4.053116e-07
3.998651e+01	1.441727e-01	-4.053116e-07
4.007512e+01	1.441727e-01	-3.933907e-07
4.016279e+01	1.440926e-01	-5.125999e-07
4.025082e+01	1.442337e-01	-5.364418e-07
4.033851e+01	1.442337e-01	-3.933907e-07
4.042731e+01	1.442642e-01	-3.933907e-07
4.051488e+01	1.443596e-01	-4.172325e-07
4.060263e+01	1.443062e-01	-3.933907e-07
4.069128e+01	1.443367e-01	-4.291534e-07
4.077905e+01	1.443939e-01	-3.099442e-07
4.086670e+01	1.444092e-01	-3.576279e-07
4.095534e+01	1.443062e-01	-4.410744e-07
4.104306e+01	1.443634e-01	-4.410744e-07
4.113072e+01	1.443367e-01	-4.410744e-07
4.121927e+01	1.444206e-01	-4.649162e-07
4.130689e+01	1.462555e-01	-4.649162e-07
4.139483e+01	1.510658e-01	-3.814697e-07
4.148281e+01	1.452599e-01	-3.814697e-07
4.157078e+01	1.403542e-01	-5.006790e-07
4.165882e+01	1.389351e-01	-5.125999e-07
4.174709e+01	1.396027e-01	-4.291534e-07
4.183523e+01	1.405220e-01	-5.245209e-07
4.192235e+01	1.412468e-01	-3.933907e-07
4.201035e+01	1.406708e-01	-4.291534e-07
4.209898e+01	1.405907e-01	-4.649162e-07
4.218674e+01	1.418037e-01	-3.337860e-07
4.227464e+01	1.417999e-01	-4.291534e-07
4.236318e+01	1.424751e-01	-4.529953e-07
4.245089e+01	1.429291e-01	-4.887581e-07
4.253887e+01	1.433525e-01	-4.410744e-07
4.262659e+01	1.495094e-01	-4.768372e-07
4.271452e+01	1.487274e-01	-4.291534e-07
4.280268e+01	1.452179e-01	-3.814697e-07
4.289066e+01	1.430359e-01	-4.291534e-07
4.297875e+01	1.418190e-01	-3.099442e-07
4.306679e+01	1.417313e-01	-4.053116e-07
4.315451e+01	1.419487e-01	-3.576279e-07
4.324324e+01	1.416206e-01	-4.053116e-07
4.333102e+01	1.413498e-01	-5.364418e-07
4.341929e+01	1.411629e-01	-5.006790e-07
4.350707e+01	1.420059e-01	-4.410744e-07
4.359529e+01	1.435127e-01	-2.861023e-07
4.368330e+01	1.443825e-01	-3.576279e-07
4.377123e+01	1.443710e-01	-4.649162e-07
4.385908e+01	1.440392e-01	-3.814697e-07
4.394698e+01	1.436691e-01	-4.649162e-07
4.403485e+01	1.436958e-01	-5.125999e-07
4.412299e+01	1.436043e-01	-3.933907e-07
4.421113e+01	1.435776e-01	-5.006790e-07
4.429918e+01	1.434784e-01	-4.887581e-07
4.438644e+01	1.435242e-01	-4.529953e-07
4.447469e+01	1.434059e-01	-3.933907e-07
4.456280e+01	1.432648e-01	-5.125999e-07
4.465085e+01	1.434059e-01	-3.337860e-07
4.473884e+01	1.432266e-01	-4.291534e-07
4.482663e+01	1.433029e-01	-3.337860e-07
4.491477e+01	1.431732e-01	-4.768372e-07
4.500290e+01	1.430511e-01	-3.457069e-07
4.509074e+01	1.430511e-01	-4.887581e-07
4.517845e+01	1.431656e-01	-4.291534e-07
4.526726e+01	1.432152e-01	-4.291534e-07
4.535507e+01	1.434898e-01	-4.529953e-07
4.544295e+01	1.446495e-01	-5.006790e-07
4.553118e+01	1.448898e-01	-4.649162e-07
4.561933e+01	1.437454e-01	-4.410744e-07
4.570640e+01	1.422424e-01	-4.529953e-07
4.579460e+01	1.404190e-01	-3.933907e-07
4.588273e+01	1.389885e-01	-3.457069e-07
4.597093e+01	1.373901e-01	-3.695488e-07
4.605891e+01	1.361732e-01	-4.410744e-07
4.614685e+01	1.356430e-01	-4.053116e-07
4.623472e+01	1.396141e-01	-3.933907e-07
4.632282e+01	1.224556e-01	-4.410744e-07
4.641058e+01	1.249237e-01	-4.887581e-07
4.649849e+01	1.255226e-01	-5.125999e-07
4.658662e+01	1.396904e-01	-4.768372e-07
4.667476e+01	1.379890e-01	-6.318092e-07
4.676265e+01	1.229057e-01	-4.172325e-07
4.685083e+01	1.395836e-01	-4.291534e-07
4.693884e+01	1.472168e-01	-4.887581e-07
4.702674e+01	1.476860e-01	-5.125999e-07
4.711490e+01	1.924248e-01	-6.198883e-07
4.720318e+01	2.128067e-01	-4.410744e-07
4.729083e+01	2.098274e-01	-5.483627e-07
4.737905e+01	2.047234e-01	-4.172325e-07
4.746729e+01	1.833878e-01	-3.099442e-07
4.755533e+01	1.274834e-01	-3.814697e-07
4.764242e+01	1.168861e-01	-4.529953e-07
4.773092e+01	1.142921e-01	-4.172325e-07
4.781864e+01	1.327133e-01	-4.768372e-07
4.790698e+01	1.381912e-01	-4.649162e-07
4.799511e+01	1.338234e-01	-4.172325e-07
4.808318e+01	1.364517e-01	-4.291534e-07
4.817125e+01	1.372948e-01	-4.172325e-07
4.825834e+01	1.361351e-01	-3.814697e-07
4.834646e+01	1.357422e-01	-5.245209e-07
4.843451e+01	1.342201e-01	-4.410744e-07
4.852274e+01	1.343117e-01	-4.649162e-07
4.861043e+01	1.335449e-01	-4.172325e-07
4.869919e+01	1.335297e-01	-4.053116e-07
4.878723e+01	1.336517e-01	-3.695488e-07
4.887510e+01	1.345634e-01	-3.576279e-07
4.896328e+01	1.332664e-01	-4.887581e-07
4.905042e+01	1.314926e-01	-5.125999e-07
4.913866e+01	1.310349e-01	-4.410744e-07
4.922668e+01	1.313705e-01	-4.172325e-07
4.931453e+01	1.321373e-01	-3.933907e-07
4.940259e+01	1.327171e-01	-3.695488e-07
4.949068e+01	1.302261e-01	-4.887581e-07
4.957903e+01	1.311035e-01	-4.172325e-07
4.966718e+01	1.325264e-01	-3.814697e-07
4.975486e+01	1.330032e-01	-4.291534e-07
4.984260e+01	1.326942e-01	-5.722046e-07
4.993073e+01	1.324005e-01	-4.410744e-07
5.001902e+01	1.323128e-01	-3.337860e-07
5.010696e+01	1.313438e-01	-3.814697e-07
5.019501e+01	1.311111e-01	-4.768372e-07
5.028279e+01	1.322479e-01	-3.695488e-07
5.037089e+01	1.334229e-01	-5.125999e-07
5.045909e+01	1.349220e-01	-4.649162e-07
5.054638e+01	1.355209e-01	-5.125999e-07
5.063463e+01	1.362915e-01	-4.291534e-07
5.072274e+01	1.374664e-01	-4.887581e-07
5.081100e+01	1.415405e-01	-4.768372e-07
5.089918e+01	1.417236e-01	-4.053116e-07
5.098724e+01	1.402359e-01	-4.887581e-07
5.107447e+01	1.378174e-01	-4.768372e-07
5.116274e+01	1.371231e-01	-4.529953e-07
5.125093e+01	1.362610e-01	-4.410744e-07
5.133908e+01	1.350937e-01	-4.291534e-07
5.142718e+01	1.342468e-01	-4.291534e-07
5.151443e+01	1.351089e-01	-4.053116e-07
5.160266e+01	1.374474e-01	-4.410744e-07
5.169077e+01	1.384964e-01	-4.172325e-07
5.177929e+01	1.381302e-01	-3.457069e-07
5.186646e+01	1.376419e-01	-3.814697e-07
5.195455e+01	1.379013e-01	-3.457069e-07
5.204267e+01	1.387138e-01	-3.457069e-07
5.213103e+01	1.396446e-01	-2.861023e-07
5.221933e+01	1.398506e-01	-4.768372e-07
5.230645e+01	1.427345e-01	-4.410744e-07
5.239499e+01	1.429596e-01	-4.410744e-07
5.248298e+01	1.422729e-01	-3.933907e-07
5.257124e+01	1.407852e-01	-4.649162e-07
5.265867e+01	1.412048e-01	-4.172325e-07
5.274677e+01	1.419373e-01	-3.218651e-07
5.283515e+01	1.419525e-01	-4.887581e-07
5.292313e+01	1.412621e-01	-3.933907e-07
5.301036e+01	1.407051e-01	-4.649162e-07
5.309846e+01	1.407166e-01	-4.529953e-07
5.318656e+01	1.411324e-01	-4.172325e-07
5.327459e+01	1.403313e-01	-3.814697e-07
5.336292e+01	1.392555e-01	-4.410744e-07
5.345129e+01	1.392555e-01	-3.576279e-07
5.353852e+01	1.395073e-01	-3.933907e-07
5.362694e+01	1.398277e-01	-3.695488e-07
5.371498e+01	1.399727e-01	-3.814697e-07
5.380308e+01	1.400299e-01	-4.053116e-07
5.389112e+01	1.400909e-01	-4.887581e-07
5.397907e+01	1.403770e-01	-3.814697e-07
5.406643e+01	1.406784e-01	-3.695488e-07
5.415476e+01	1.412544e-01	-4.172325e-07
5.424279e+01	1.416740e-01	-4.291534e-07
5.433113e+01	1.420097e-01	-4.887581e-07
5.441913e+01	1.411285e-01	-4.649162e-07
5.450650e+01	1.402092e-01	-3.337860e-07
5.459503e+01	1.396370e-01	-4.172325e-07
5.468318e+01	1.396523e-01	-3.337860e-07
5.477052e+01	1.398544e-01	-4.291534e-07
5.485930e+01	1.401711e-01	-4.649162e-07
5.494719e+01	1.401978e-01	-4.172325e-07
5.503518e+01	1.404266e-01	-3.337860e-07
5.512312e+01	1.401443e-01	-4.291534e-07
5.521117e+01	1.402931e-01	-4.410744e-07
5.529926e+01	1.404152e-01	-4.529953e-07
5.538644e+01	1.409111e-01	-4.291534e-07
5.547485e+01	1.416130e-01	-3.814697e-07
5.556325e+01	1.441498e-01	-3.576279e-07
5.565070e+01	1.451607e-01	-4.291534e-07
5.573914e+01	1.447639e-01	-4.529953e-07
5.582730e+01	1.441994e-01	-3.933907e-07
5.591468e+01	1.434555e-01	-4.649162e-07
5.600310e+01	1.413536e-01	-4.053116e-07
5.609044e+01	1.402931e-01	-4.053116e-07
5.617882e+01	1.398582e-01	-4.768372e-07
5.626688e+01	1.403885e-01	-3.337860e-07
5.635489e+01	1.423264e-01	-4.410744e-07
5.644323e+01	1.450500e-01	-5.125999e-07
5.653089e+01	1.445160e-01	-4.529953e-07
5.661928e+01	1.435661e-01	-4.053116e-07
5.670673e+01	1.426735e-01	-5.006790e-07
5.679445e+01	1.410561e-01	-3.218651e-07
5.688310e+01	1.383133e-01	-4.410744e-07
5.697048e+01	1.377449e-01	-5.483627e-07
5.705895e+01	1.383476e-01	-4.291534e-07
5.714732e+01	1.403770e-01	-4.291534e-07
5.723468e+01	1.438065e-01	-4.649162e-07
5.732315e+01	1.432076e-01	-4.172325e-07
5.741052e+01	1.414490e-01	-4.529953e-07
5.749902e+01	1.407700e-01	-4.291534e-07
5.758704e+01	1.409569e-01	-4.410744e-07
5.767509e+01	1.415787e-01	-5.006790e-07
5.776234e+01	1.423454e-01	-4.053116e-07
5.785085e+01	1.429138e-01	-4.410744e-07
5.793918e+01	1.432953e-01	-4.649162e-07
5.802730e+01	1.439552e-01	-4.291534e-07
5.811470e+01	1.453400e-01	-4.410744e-07
5.820314e+01	1.495628e-01	-3.337860e-07
5.829060e+01	1.505661e-01	-4.649162e-07
5.837902e+01	1.499596e-01	-4.768372e-07
5.846646e+01	1.491814e-01	-5.364418e-07
5.855512e+01	1.486320e-01	-4.410744e-07
5.864254e+01	1.481018e-01	-4.172325e-07
5.873099e+01	1.479759e-01	-5.245209e-07
5.881838e+01	1.477737e-01	-4.768372e-07
5.890696e+01	1.478424e-01	-4.172325e-07
5.899529e+01	1.479988e-01	-3.695488e-07
5.908242e+01	1.480408e-01	-3.695488e-07
5.917066e+01	1.486855e-01	-4.410744e-07
5.925921e+01	1.484680e-01	-4.768372e-07
5.934672e+01	1.482086e-01	-4.768372e-07
5.943503e+01	1.480789e-01	-5.483627e-07
5.952250e+01	1.476707e-01	-4.291534e-07
5.961109e+01	1.477051e-01	-3.576279e-07
5.969837e+01	1.478920e-01	-2.980232e-07
5.978690e+01	1.481819e-01	-4.410744e-07
5.987518e+01	1.487961e-01	-4.529953e-07
5.996273e+01	1.514130e-01	-5.006790e-07
6.005040e+01	1.517677e-01	-5.125999e-07
6.013907e+01	1.510429e-01	-4.529953e-07
6.022700e+01	1.499443e-01	-3.933907e-07
6.031468e+01	1.497841e-01	-4.172325e-07
6.040300e+01	1.498337e-01	-4.291534e-07
6.049121e+01	1.499825e-01	-3.814697e-07
6.057843e+01	1.502686e-01	-4.768372e-07
6.066659e+01	1.503372e-01	-4.529953e-07
6.075496e+01	1.506271e-01	-4.768372e-07
6.084246e+01	1.505966e-01	-5.245209e-07
6.093111e+01	1.508141e-01	-4.172325e-07
6.101866e+01	1.509209e-01	-3.814697e-07
6.110697e+01	1.510162e-01	-4.768372e-07
6.119521e+01	1.512451e-01	-4.887581e-07
6.128244e+01	1.512222e-01	-4.887581e-07
6.137085e+01	1.513481e-01	-4.887581e-07
6.145911e+01	1.511726e-01	-4.410744e-07
6.154644e+01	1.512451e-01	-4.172325e-07
6.163464e+01	1.513023e-01	-4.172325e-07
6.172292e+01	1.513252e-01	-4.887581e-07
6.181119e+01	1.513939e-01	-4.172325e-07
6.189843e+01	1.514969e-01	-4.410744e-07
6.198664e+01	1.516113e-01	-3.814697e-07
6.207521e+01	1.518097e-01	-4.887581e-07
6.216249e+01	1.514854e-01	-4.172325e-07
6.225114e+01	1.512222e-01	-4.529953e-07
6.233841e+01	1.513481e-01	-4.172325e-07
6.242662e+01	1.515198e-01	-4.291534e-07
6.251518e+01	1.512756e-01	-4.768372e-07
6.260273e+01	1.508369e-01	-5.483627e-07
6.269119e+01	1.495552e-01	-3.933907e-07
6.277914e+01	1.492577e-01	-4.172325e-07
6.286667e+01	1.488380e-01	-3.933907e-07
6.295496e+01	1.485710e-01	-5.006790e-07
6.304258e+01	1.486053e-01	-4.172325e-07
6.313125e+01	1.490707e-01	-5.245209e-07
6.321887e+01	1.495552e-01	-4.410744e-07
6.330676e+01	1.498718e-01	-5.125999e-07
6.339470e+01	1.497574e-01	-4.053116e-07
6.348264e+01	1.500206e-01	-4.172325e-07
6.357117e+01	1.503868e-01	-3.576279e-07
6.365864e+01	1.504288e-01	-3.695488e-07
6.374708e+01	1.510925e-01	-3.814697e-07
6.383486e+01	1.515198e-01	-3.457069e-07
6.392301e+01	1.518250e-01	-4.529953e-07
6.401083e+01	1.520424e-01	-3.814697e-07
6.409891e+01	1.522903e-01	-3.457069e-07
6.418692e+01	1.522980e-01	-4.053116e-07
6.427484e+01	1.525078e-01	-3.933907e-07
6.436283e+01	1.526260e-01	-4.053116e-07
6.445086e+01	1.527443e-01	-3.576279e-07
6.453884e+01	1.529579e-01	-4.410744e-07
6.462686e+01	1.530991e-01	-4.410744e-07
6.471516e+01	1.533699e-01	-4.053116e-07
6.480304e+01	1.534691e-01	-4.172325e-07
6.489084e+01	1.536942e-01	-4.529953e-07
6.497848e+01	1.539650e-01	-3.457069e-07
6.506633e+01	1.541672e-01	-3.218651e-07
6.515438e+01	1.544495e-01	-4.529953e-07
6.524313e+01	1.543503e-01	-5.364418e-07
6.533110e+01	1.545105e-01	-4.887581e-07
6.542068e+01	1.544456e-01	-4.887581e-07
6.550642e+01	1.544189e-01	-4.887581e-07
6.559509e+01	1.543808e-01	-3.814697e-07
6.568297e+01	1.544762e-01	-4.529953e-07
6.577072e+01	1.547928e-01	-4.172325e-07
6.585910e+01	1.549110e-01	-4.768372e-07
6.594652e+01	1.550713e-01	-4.768372e-07
6.603482e+01	1.551704e-01	-3.695488e-07
6.612290e+01	1.550102e-01	-3.933907e-07
6.621093e+01	1.550484e-01	-4.649162e-07
6.629890e+01	1.550636e-01	-4.529953e-07
6.638691e+01	1.548996e-01	-4.649162e-07
6.647443e+01	1.546516e-01	-4.529953e-07
6.656379e+01	1.545219e-01	-3.457069e-07
6.665119e+01	1.546135e-01	-3.814697e-07
6.673917e+01	1.547394e-01	-4.768372e-07
6.682708e+01	1.551514e-01	-3.695488e-07
6.691487e+01	1.552582e-01	-4.172325e-07
6.700317e+01	1.553459e-01	-3.695488e-07
6.709057e+01	1.554604e-01	-4.887581e-07
6.717896e+01	1.554642e-01	-4.410744e-07
6.726685e+01	1.553650e-01	-4.410744e-07
6.735482e+01	1.552086e-01	-4.887581e-07
6.744329e+01	1.555023e-01	-3.933907e-07
6.753028e+01	1.551056e-01	-5.364418e-07
6.761887e+01	1.550293e-01	-3.337860e-07
6.770656e+01	1.550217e-01	-5.125999e-07
6.779523e+01	1.550713e-01	-4.291534e-07
6.788323e+01	1.551552e-01	-4.649162e-07
6.797086e+01	1.550941e-01	-5.602837e-07
6.805916e+01	1.548767e-01	-5.006790e-07
6.814669e+01	1.549492e-01	-3.695488e-07
6.823496e+01	1.548958e-01	-4.649162e-07
6.832253e+01	1.548958e-01	-3.337860e-07
6.841118e+01	1.546478e-01	-5.841255e-07
6.849918e+01	1.546135e-01	-5.006790e-07
6.858710e+01	1.545067e-01	-4.291534e-07
6.867499e+01	1.544952e-01	-3.814697e-07
6.876258e+01	1.545410e-01	-4.768372e-07
6.885126e+01	1.544685e-01	-5.602837e-07
6.893880e+01	1.545830e-01	-4.887581e-07
6.902690e+01	1.545029e-01	-3.695488e-07
6.911517e+01	1.546173e-01	-4.172325e-07
6.920288e+01	1.547203e-01	-4.053116e-07
6.929063e+01	1.548615e-01	-5.006790e-07
6.937916e+01	1.548920e-01	-4.768372e-07
6.946736e+01	1.551170e-01	-4.649162e-07
6.955434e+01	1.553154e-01	-5.483627e-07
6.964315e+01	1.553383e-01	-5.125999e-07
6.973039e+01	1.551361e-01	-5.364418e-07
6.981995e+01	1.552963e-01	-5.006790e-07
6.990716e+01	1.552849e-01	-5.364418e-07
6.999485e+01	1.553345e-01	-5.006790e-07
7.008267e+01	1.553383e-01	-5.841255e-07
7.017116e+01	1.556129e-01	-5.602837e-07
7.025975e+01	1.557922e-01	-5.125999e-07
7.034710e+01	1.558228e-01	-4.053116e-07
7.044319e+01	1.559372e-01	-4.768372e-07
7.052721e+01	1.561737e-01	-5.006790e-07
7.061520e+01	1.561775e-01	-3.933907e-07
7.069922e+01	1.563835e-01	-4.291534e-07
7.078718e+01	1.565437e-01	-3.576279e-07
7.087519e+01	1.566238e-01	-4.768372e-07
7.096317e+01	1.563530e-01	-5.722046e-07
7.105118e+01	1.565170e-01	-4.887581e-07
7.114260e+01	1.565819e-01	-3.933907e-07
7.122719e+01	1.566277e-01	-4.768372e-07
7.131677e+01	1.568756e-01	-4.291534e-07
7.140298e+01	1.568985e-01	-4.529953e-07
7.149119e+01	1.571770e-01	-4.768372e-07
7.157835e+01	1.573563e-01	-4.410744e-07
7.166726e+01	1.575432e-01	-5.364418e-07
7.175464e+01	1.576271e-01	-3.814697e-07
7.184281e+01	1.577950e-01	-5.483627e-07
7.193033e+01	1.579170e-01	-4.887581e-07
7.201889e+01	1.627464e-01	-3.337860e-07
7.210751e+01	1.683922e-01	-4.529953e-07
7.219498e+01	1.645317e-01	-4.768372e-07
7.228340e+01	1.633263e-01	-3.337860e-07
7.237121e+01	1.636734e-01	-4.529953e-07
7.245917e+01	1.663475e-01	-4.291534e-07
7.254675e+01	1.667786e-01	-4.887581e-07
7.263490e+01	1.685600e-01	-4.768372e-07
7.272287e+01	1.647606e-01	-5.125999e-07
7.281241e+01	1.626244e-01	-4.291534e-07
7.290121e+01	1.629562e-01	-3.933907e-07
7.298741e+01	1.628685e-01	-4.768372e-07
7.307920e+01	1.633148e-01	-4.053116e-07
7.316319e+01	1.633224e-01	-4.172325e-07
7.325158e+01	1.630707e-01	-5.960464e-07
7.333922e+01	1.641159e-01	-5.006790e-07
7.342641e+01	1.605301e-01	-4.768372e-07
7.351451e+01	1.572571e-01	-4.887581e-07
7.360274e+01	1.562538e-01	-2.980232e-07
7.369127e+01	1.560898e-01	-5.125999e-07
7.377899e+01	1.536331e-01	-3.457069e-07
7.386639e+01	1.531754e-01	-4.053116e-07
7.395457e+01	1.535835e-01	-5.125999e-07
7.404330e+01	1.540565e-01	-4.291534e-07
7.413081e+01	1.547279e-01	-5.006790e-07
7.422010e+01	1.554337e-01	-5.364418e-07
7.430647e+01	1.561089e-01	-6.198883e-07
7.439528e+01	1.564522e-01	-5.483627e-07
7.448297e+01	1.569328e-01	-5.364418e-07
7.457039e+01	1.572647e-01	-4.291534e-07
7.465840e+01	1.580353e-01	-5.841255e-07
7.474662e+01	1.579933e-01	-4.172325e-07
7.483517e+01	1.580925e-01	-5.364418e-07
7.492385e+01	1.580658e-01	-5.602837e-07
7.501159e+01	1.584282e-01	-4.887581e-07
7.509844e+01	1.584549e-01	-3.814697e-07
7.518660e+01	1.585846e-01	-5.125999e-07
7.527452e+01	1.589050e-01	-5.602837e-07
7.536238e+01	1.588898e-01	-4.410744e-07
7.545039e+01	1.587563e-01	-4.410744e-07
7.553961e+01	1.586227e-01	-4.768372e-07
7.562723e+01	1.588974e-01	-5.722046e-07
7.571492e+01	1.596375e-01	-4.410744e-07
7.580284e+01	1.622581e-01	-4.291534e-07
7.589117e+01	1.633224e-01	-4.529953e-07
7.597862e+01	1.628265e-01	-5.960464e-07
7.606680e+01	1.624451e-01	-4.291534e-07
7.615433e+01	1.615448e-01	-3.814697e-07
7.624280e+01	1.609917e-01	-4.768372e-07
7.633084e+01	1.615829e-01	-5.006790e-07
7.641925e+01	1.614685e-01	-4.649162e-07
7.650670e+01	1.612244e-01	-5.006790e-07
7.659492e+01	1.607208e-01	-4.053116e-07
7.668290e+01	1.601257e-01	-4.649162e-07
7.677088e+01	1.591339e-01	-4.768372e-07
7.685917e+01	1.594391e-01	-4.768372e-07
7.694729e+01	1.596603e-01	-4.768372e-07
7.703461e+01	1.601715e-01	-3.814697e-07
7.712318e+01	1.605225e-01	-3.933907e-07
7.721121e+01	1.597061e-01	-3.695488e-07
7.729919e+01	1.609230e-01	-3.814697e-07
7.738685e+01	1.620369e-01	-3.933907e-07
7.747478e+01	1.623802e-01	-4.529953e-07
7.756320e+01	1.627045e-01	-5.483627e-07
7.765118e+01	1.627846e-01	-4.053116e-07
7.773942e+01	1.626244e-01	-4.887581e-07
7.782704e+01	1.626778e-01	-4.529953e-07
7.791443e+01	1.623039e-01	-5.006790e-07
7.800380e+01	1.624527e-01	-4.887581e-07
7.809095e+01	1.623917e-01	-3.695488e-07
7.817935e+01	1.625252e-01	-5.364418e-07
7.826658e+01	1.624146e-01	-4.410744e-07
7.835453e+01	1.624565e-01	-4.649162e-07
7.844246e+01	1.618195e-01	-5.364418e-07
7.853166e+01	1.611557e-01	-4.529953e-07
7.861842e+01	1.607132e-01	-4.529953e-07
7.870651e+01	1.588135e-01	-6.437302e-07
7.879521e+01	1.573334e-01	-4.172325e-07
7.888335e+01	2.009125e-01	-5.245209e-07
7.897120e+01	1.456566e-01	-4.529953e-07
7.905923e+01	1.478195e-01	-5.722046e-07
7.914717e+01	1.545067e-01	-4.768372e-07
7.923572e+01	1.586571e-01	-4.291534e-07
7.932532e+01	1.591721e-01	-5.245209e-07
7.941118e+01	1.574478e-01	-5.245209e-07
7.949914e+01	1.554184e-01	-5.125999e-07
7.958701e+01	1.535492e-01	-4.887581e-07
7.967507e+01	1.532249e-01	-4.053116e-07
7.976292e+01	1.553192e-01	-3.933907e-07
7.985517e+01	1.555634e-01	-3.933907e-07
7.993863e+01	1.559868e-01	-5.483627e-07
8.002670e+01	1.555061e-01	-5.006790e-07
8.011500e+01	1.557503e-01	-5.245209e-07
8.020270e+01	1.574249e-01	-5.960464e-07
8.029053e+01	1.573448e-01	-5.006790e-07
8.037914e+01	1.569901e-01	-5.364418e-07
8.046717e+01	1.569557e-01	-4.529953e-07
8.055506e+01	1.571121e-01	-4.768372e-07
8.064295e+01	1.568489e-01	-4.529953e-07
8.073091e+01	1.563797e-01	-5.602837e-07
8.081860e+01	1.559296e-01	-4.291534e-07
8.090717e+01	1.557732e-01	-4.887581e-07
8.099516e+01	1.555023e-01	-5.960464e-07
8.108294e+01	1.557426e-01	-4.887581e-07
8.117386e+01	1.554680e-01	-4.172325e-07
8.125917e+01	1.556664e-01	-5.483627e-07
8.135118e+01	1.570587e-01	-5.483627e-07
8.143514e+01	1.573334e-01	-4.887581e-07
8.152431e+01	1.564751e-01	-4.768372e-07
8.161119e+01	1.557159e-01	-3.337860e-07
8.169882e+01	1.557732e-01	-4.529953e-07
8.178776e+01	1.558228e-01	-4.410744e-07
8.187516e+01	1.556931e-01	-5.602837e-07
8.196256e+01	1.558952e-01	-3.933907e-07
8.205111e+01	1.558304e-01	-4.768372e-07
8.213917e+01	1.558990e-01	-4.649162e-07
8.222694e+01	1.555901e-01	-4.768372e-07
8.231492e+01	1.558533e-01	-5.245209e-07
8.240232e+01	1.560135e-01	-5.125999e-07
8.249104e+01	1.560555e-01	-5.125999e-07
8.257935e+01	1.563225e-01	-5.006790e-07
8.266697e+01	1.563797e-01	-5.364418e-07
8.275549e+01	1.568031e-01	-3.814697e-07
