Elapsed time(s)	Potential(V)	Current(A)
1.911381e-01	3.048439e-01	-5.960464e-10
2.836653e-01	3.047638e-01	-1.072884e-09
3.717083e-01	3.047256e-01	-5.960464e-10
4.595731e-01	3.044891e-01	-4.768372e-10
7.236555e-01	3.044777e-01	-1.192093e-10
8.114472e-01	3.042259e-01	-4.768372e-10
8.991310e-01	3.042336e-01	-1.192093e-10
9.877025e-01	3.042755e-01	-4.768372e-10
1.251356e+00	3.040848e-01	-1.192093e-09
1.339577e+00	3.040924e-01	8.344650e-10
1.427991e+00	3.039398e-01	-4.768372e-10
1.515309e+00	3.039856e-01	-1.192093e-10
1.779948e+00	3.037453e-01	-5.960464e-10
1.867451e+00	3.035812e-01	-9.536743e-10
1.955255e+00	3.033943e-01	-3.576279e-10
2.043196e+00	3.033485e-01	-5.960464e-10
2.313719e+00	3.032532e-01	-1.668930e-09
2.395921e+00	3.032570e-01	-2.384186e-10
2.483950e+00	3.032913e-01	-5.960464e-10
2.573887e+00	3.032837e-01	-1.072884e-09
2.835627e+00	3.031960e-01	-1.430511e-09
2.923222e+00	3.031120e-01	-9.536743e-10
3.011955e+00	3.031502e-01	-7.152557e-10
3.099989e+00	3.030434e-01	3.576279e-10
3.363316e+00	3.027725e-01	2.384186e-10
3.451727e+00	3.027954e-01	-1.192093e-09
3.539877e+00	3.028336e-01	-1.430511e-09
3.628186e+00	3.028984e-01	-1.192093e-09
3.892184e+00	3.029442e-01	-7.152557e-10
3.979612e+00	3.030815e-01	-3.576279e-10
4.068157e+00	3.029518e-01	-1.788139e-09
4.155359e+00	3.029594e-01	-1.072884e-09
4.419579e+00	3.028908e-01	-1.311302e-09
4.508019e+00	3.028679e-01	-1.549721e-09
4.595305e+00	3.027000e-01	-1.430511e-09
4.683206e+00	3.028183e-01	-9.536743e-10
4.948214e+00	3.028755e-01	-3.576279e-10
5.035844e+00	3.028526e-01	-8.344650e-10
5.123619e+00	3.027420e-01	-1.192093e-10
5.211829e+00	3.027382e-01	-4.768372e-10
5.475610e+00	3.025818e-01	-5.960464e-10
5.563690e+00	3.025780e-01	-8.344650e-10
5.651813e+00	3.024635e-01	-4.768372e-10
5.740042e+00	3.025360e-01	-1.430511e-09
6.003815e+00	3.025475e-01	4.768372e-10
6.091555e+00	3.026390e-01	-1.072884e-09
6.179509e+00	3.026199e-01	-1.192093e-10
6.267401e+00	3.028069e-01	-1.430511e-09
6.532069e+00	3.027191e-01	-5.960464e-10
6.620165e+00	3.033028e-01	-1.311302e-09
6.707975e+00	3.039322e-01	-7.152557e-10
6.796098e+00	3.042488e-01	3.576279e-10
7.059306e+00	3.041763e-01	-9.536743e-10
7.147092e+00	3.040848e-01	-9.536743e-10
7.235794e+00	3.040504e-01	-5.960464e-10
7.323229e+00	3.040199e-01	-1.192093e-09
7.587679e+00	3.040962e-01	-1.192093e-09
7.675597e+00	3.040619e-01	-2.384186e-10
7.764101e+00	3.041420e-01	-7.152557e-10
7.851716e+00	3.040848e-01	-8.344650e-10
8.115403e+00	3.039932e-01	-3.576279e-10
8.203410e+00	3.039742e-01	-1.192093e-09
8.291789e+00	3.040352e-01	-1.192093e-10
8.379676e+00	3.041153e-01	-5.960464e-10
8.643290e+00	3.044014e-01	-1.192093e-10
8.731910e+00	3.044052e-01	-1.549721e-09
8.819615e+00	3.044853e-01	-2.384186e-10
8.907652e+00	3.044128e-01	-1.549721e-09
9.172166e+00	3.045731e-01	-4.768372e-10
9.259728e+00	3.046875e-01	-8.344650e-10
9.347238e+00	3.047523e-01	-1.192093e-09
9.436050e+00	3.047752e-01	-1.907349e-09
9.699261e+00	3.044395e-01	-5.960464e-10
9.787849e+00	3.043518e-01	-1.192093e-09
9.875560e+00	3.047066e-01	-4.768372e-10
9.963612e+00	3.048248e-01	-1.668930e-09
1.022779e+01	3.051071e-01	-4.768372e-10
1.031566e+01	3.051872e-01	-1.072884e-09
1.040312e+01	3.053322e-01	-1.192093e-09
1.049113e+01	3.051491e-01	-5.960464e-10
1.075557e+01	3.051834e-01	-3.576279e-10
1.084343e+01	3.051758e-01	-1.192093e-10
1.093217e+01	3.050804e-01	-1.788139e-09
1.101955e+01	3.048134e-01	-5.960464e-10
1.128410e+01	3.047562e-01	-8.344650e-10
1.137146e+01	3.044357e-01	-1.192093e-09
1.146032e+01	3.040924e-01	-1.072884e-09
1.154759e+01	3.041039e-01	-1.192093e-09
1.181168e+01	3.052826e-01	-1.192093e-10
1.189998e+01	3.053780e-01	-1.192093e-09
1.198738e+01	3.054237e-01	-2.026558e-09
1.207525e+01	3.053246e-01	0.000000e+00
1.233946e+01	3.052254e-01	-3.576279e-10
1.242734e+01	3.051796e-01	-5.960464e-10
1.251543e+01	3.050766e-01	-3.576279e-10
1.260364e+01	3.051758e-01	-2.026558e-09
1.286769e+01	3.053398e-01	-9.536743e-10
1.295550e+01	3.053169e-01	-1.549721e-09
1.304333e+01	3.053093e-01	-1.072884e-09
1.313154e+01	3.053246e-01	3.576279e-10
1.339533e+01	3.050499e-01	-9.536743e-10
1.348361e+01	3.051414e-01	-2.384186e-10
1.357160e+01	3.050232e-01	0.000000e+00
1.365993e+01	3.050194e-01	-9.536743e-10
1.392419e+01	3.049355e-01	-3.576279e-10
1.401194e+01	3.050995e-01	-9.536743e-10
1.410019e+01	3.052368e-01	-1.192093e-10
1.418820e+01	3.052368e-01	1.192093e-10
1.445163e+01	3.053856e-01	-9.536743e-10
1.454018e+01	3.055191e-01	-2.145767e-09
1.462787e+01	3.054085e-01	-8.344650e-10
1.471542e+01	3.056831e-01	-1.311302e-09
1.497977e+01	3.056564e-01	-1.072884e-09
1.506792e+01	3.054886e-01	-1.311302e-09
1.515583e+01	3.053703e-01	-7.152557e-10
1.524415e+01	3.053017e-01	-4.768372e-10
1.550767e+01	3.051109e-01	-1.072884e-09
1.559612e+01	3.053207e-01	-1.549721e-09
1.568405e+01	3.054161e-01	0.000000e+00
1.577118e+01	3.053017e-01	-2.026558e-09
1.603560e+01	3.053055e-01	-9.536743e-10
1.612396e+01	3.054237e-01	-1.192093e-09
1.621138e+01	3.055115e-01	-1.192093e-09
1.629947e+01	3.055267e-01	-2.384186e-10
1.656366e+01	3.055000e-01	-4.768372e-10
1.665156e+01	3.054771e-01	-5.960464e-10
1.674010e+01	3.054695e-01	-5.960464e-10
1.682814e+01	3.055267e-01	-2.026558e-09
1.709233e+01	3.057251e-01	1.192093e-10
1.717989e+01	3.054390e-01	-1.192093e-09
1.726757e+01	3.050613e-01	-8.344650e-10
1.735603e+01	3.052177e-01	-1.311302e-09
1.762005e+01	3.057556e-01	-4.768372e-10
1.770708e+01	3.058205e-01	-1.311302e-09
1.779542e+01	3.058319e-01	-5.960464e-10
1.788359e+01	3.059998e-01	-1.192093e-09
1.814785e+01	3.063393e-01	-1.430511e-09
1.823579e+01	3.062820e-01	0.000000e+00
1.832406e+01	3.056641e-01	-1.192093e-10
1.841140e+01	2.904854e-01	-4.768372e-10
1.867605e+01	1.954880e-01	-9.536743e-10
1.877207e+01	2.028427e-01	-1.192093e-10
1.885150e+01	2.152061e-01	-8.344650e-10
1.893995e+01	2.207870e-01	2.384186e-10
1.920404e+01	2.397232e-01	-3.576279e-10
1.929144e+01	2.488174e-01	-2.384186e-10
1.937974e+01	2.567635e-01	1.192093e-10
1.946813e+01	2.640877e-01	-1.549721e-09
1.973204e+01	2.825470e-01	-1.788139e-09
1.981981e+01	2.871132e-01	-1.549721e-09
1.990795e+01	2.908707e-01	-1.072884e-09
1.999596e+01	2.937965e-01	-9.536743e-10
2.025944e+01	3.021202e-01	-3.576279e-10
2.034769e+01	3.041191e-01	-1.192093e-10
2.043560e+01	3.008766e-01	-5.960464e-10
2.052394e+01	2.885056e-01	-1.668930e-09
2.078742e+01	2.531166e-01	-1.430511e-09
2.087566e+01	2.477608e-01	-1.072884e-09
2.096361e+01	2.527390e-01	-1.430511e-09
2.105120e+01	2.459450e-01	-1.430511e-09
2.131554e+01	9.460831e-02	-2.026558e-09
2.140391e+01	1.168404e-01	-2.384186e-10
2.149150e+01	1.417046e-01	-9.536743e-10
2.158019e+01	1.649513e-01	-1.072884e-09
2.184416e+01	2.226944e-01	-2.384186e-10
2.193125e+01	2.373734e-01	3.576279e-10
2.201935e+01	2.498055e-01	1.192093e-10
2.210804e+01	2.613983e-01	-8.344650e-10
2.237204e+01	2.896957e-01	-1.430511e-09
2.245944e+01	2.967224e-01	-1.549721e-09
2.254771e+01	3.029289e-01	-7.152557e-10
2.263619e+01	3.084908e-01	-8.344650e-10
2.289947e+01	3.209457e-01	-2.026558e-09
2.298834e+01	3.241692e-01	-1.549721e-09
2.307545e+01	3.273201e-01	-8.344650e-10
2.316393e+01	3.293686e-01	-1.788139e-09
2.342790e+01	3.349724e-01	-2.384186e-10
2.351581e+01	3.362961e-01	-1.311302e-09
2.360379e+01	3.374901e-01	-1.072884e-09
2.369142e+01	3.381882e-01	-9.536743e-10
2.395576e+01	3.404808e-01	-1.192093e-09
2.404417e+01	3.408699e-01	5.960464e-10
2.413118e+01	3.411369e-01	-3.576279e-10
2.421966e+01	3.414345e-01	-9.536743e-10
2.448354e+01	3.417397e-01	-5.960464e-10
2.457157e+01	3.416977e-01	-7.152557e-10
2.466006e+01	3.415222e-01	-9.536743e-10
2.474759e+01	3.413010e-01	-5.960464e-10
2.501139e+01	3.405380e-01	-8.344650e-10
2.509943e+01	3.402214e-01	-5.960464e-10
2.518729e+01	3.398781e-01	-1.311302e-09
2.527583e+01	3.395386e-01	3.576279e-10
2.553952e+01	3.382797e-01	-1.788139e-09
2.562755e+01	3.378639e-01	-7.152557e-10
2.571584e+01	3.375626e-01	0.000000e+00
2.580333e+01	3.373184e-01	-2.384186e-10
2.606741e+01	3.362236e-01	-1.192093e-09
2.615615e+01	3.358116e-01	-4.768372e-10
2.624398e+01	3.353577e-01	-7.152557e-10
2.633205e+01	3.348579e-01	-2.622604e-09
2.659550e+01	3.334846e-01	4.768372e-10
2.668419e+01	3.330383e-01	-1.549721e-09
2.677174e+01	3.326683e-01	-2.861023e-09
2.685931e+01	3.322487e-01	-5.960464e-10
2.712331e+01	3.308563e-01	-7.152557e-10
2.721159e+01	3.304176e-01	-2.384186e-09
2.729953e+01	3.301392e-01	-1.788139e-09
2.738769e+01	3.297539e-01	-3.576279e-10
2.765130e+01	3.286552e-01	-4.768372e-10
2.773961e+01	3.283806e-01	-9.536743e-10
2.782809e+01	3.281784e-01	-2.026558e-09
2.791537e+01	3.277779e-01	-1.549721e-09
2.817966e+01	3.266907e-01	0.000000e+00
2.826793e+01	3.265076e-01	-4.768372e-10
2.835579e+01	3.263283e-01	-1.907349e-09
2.844372e+01	3.261642e-01	-1.430511e-09
2.870806e+01	3.249550e-01	-1.430511e-09
2.879530e+01	3.245125e-01	-8.344650e-10
2.888330e+01	3.242226e-01	-9.536743e-10
2.897215e+01	3.239288e-01	-2.384186e-10
2.923618e+01	3.231163e-01	-2.026558e-09
2.932416e+01	3.229294e-01	-1.072884e-09
2.941176e+01	3.227501e-01	-5.960464e-10
2.949999e+01	3.225784e-01	-2.384186e-10
2.976372e+01	3.216896e-01	2.384186e-10
2.985133e+01	3.217621e-01	-4.768372e-10
2.993998e+01	3.215446e-01	-1.072884e-09
3.002819e+01	3.214531e-01	-1.192093e-10
3.029147e+01	3.211174e-01	-1.192093e-10
3.038018e+01	3.210144e-01	-5.960464e-10
3.046734e+01	3.209038e-01	-7.152557e-10
3.055605e+01	3.207092e-01	1.192093e-10
3.081948e+01	3.203964e-01	-7.152557e-10
3.090798e+01	3.201981e-01	-3.576279e-10
3.099626e+01	3.198204e-01	-8.344650e-10
3.108394e+01	3.199463e-01	-1.311302e-09
3.134816e+01	3.204346e-01	-3.576279e-10
3.143530e+01	3.204956e-01	-8.344650e-10
3.152378e+01	3.205185e-01	-1.192093e-09
3.161220e+01	3.202972e-01	-7.152557e-10
3.187602e+01	3.189850e-01	-1.192093e-10
3.196356e+01	3.186188e-01	-2.384186e-09
3.205152e+01	3.182640e-01	-1.192093e-10
3.213965e+01	3.180923e-01	-1.192093e-09
3.240398e+01	3.175545e-01	-8.344650e-10
3.249215e+01	3.170052e-01	-7.152557e-10
3.257956e+01	3.165512e-01	-1.192093e-10
3.266817e+01	3.159904e-01	-9.536743e-10
3.293209e+01	3.150291e-01	-1.311302e-09
3.301941e+01	3.147774e-01	-1.311302e-09
3.310734e+01	3.145065e-01	-8.344650e-10
3.319575e+01	3.142281e-01	-5.960464e-10
3.345935e+01	3.134804e-01	-2.384186e-10
3.354819e+01	3.132210e-01	-1.668930e-09
3.363574e+01	3.129463e-01	-1.311302e-09
3.372334e+01	3.126717e-01	-5.960464e-10
3.398802e+01	3.121414e-01	4.768372e-10
3.407556e+01	3.118629e-01	1.192093e-10
3.416335e+01	3.118553e-01	7.152557e-10
3.425170e+01	3.117256e-01	-1.072884e-09
3.451546e+01	3.109779e-01	-1.311302e-09
3.460415e+01	3.107262e-01	-7.152557e-10
3.469204e+01	3.105545e-01	3.576279e-10
3.478008e+01	3.104172e-01	-3.576279e-10
3.504402e+01	3.099213e-01	-3.576279e-10
3.513160e+01	3.097534e-01	2.384186e-10
3.521964e+01	3.096237e-01	-4.768372e-10
3.530759e+01	3.094635e-01	-5.960464e-10
3.557186e+01	3.090630e-01	-2.384186e-09
3.565994e+01	3.088531e-01	-4.768372e-10
3.574819e+01	3.086700e-01	-8.344650e-10
3.583548e+01	3.085213e-01	-1.311302e-09
3.610018e+01	3.077469e-01	-1.192093e-09
3.618794e+01	3.075562e-01	-1.907349e-09
3.627595e+01	3.073082e-01	-1.549721e-09
3.636420e+01	3.070679e-01	4.768372e-10
3.662770e+01	3.065491e-01	-1.072884e-09
3.671563e+01	3.062172e-01	-1.430511e-09
3.680384e+01	3.059998e-01	0.000000e+00
3.689158e+01	3.057785e-01	5.960464e-10
3.715542e+01	3.052635e-01	-7.152557e-10
3.724333e+01	3.050423e-01	-4.768372e-10
3.733181e+01	3.047142e-01	-1.430511e-09
3.741937e+01	3.042259e-01	-1.072884e-09
3.768366e+01	3.034706e-01	-4.768372e-10
3.777184e+01	3.033218e-01	-9.536743e-10
3.785981e+01	3.029671e-01	-4.768372e-10
3.794730e+01	3.028831e-01	-8.344650e-10
3.821154e+01	3.027496e-01	-1.072884e-09
3.830006e+01	3.027840e-01	-3.576279e-10
3.838756e+01	3.027229e-01	-7.152557e-10
3.847569e+01	3.027916e-01	-4.768372e-10
3.873972e+01	3.028069e-01	5.960464e-10
3.882781e+01	3.028297e-01	-5.960464e-10
3.891557e+01	3.027916e-01	-7.152557e-10
3.900403e+01	3.028450e-01	0.000000e+00
3.926751e+01	3.027267e-01	-1.192093e-10
3.935612e+01	3.028259e-01	-1.192093e-09
3.944390e+01	3.027649e-01	5.960464e-10
3.953176e+01	3.026505e-01	-2.384186e-10
3.979570e+01	3.026505e-01	0.000000e+00
3.988404e+01	3.027077e-01	2.384186e-10
3.997162e+01	3.027840e-01	-1.192093e-09
4.005961e+01	3.027992e-01	1.192093e-10
